6045781142882173
6045781142753556
6045781142873727
6045781142603512
6045781142612588
6045781142852127
6045781142087831
6045781142046647
6045781142803112
6045781142480010
6045781142330058
6045781142584373
6045781142173672
6045781142117430
6045781142660330
6045781142221851
6045781142287126
6045781142111151
6045781142740223
6045781142125037
6045781142736262
6045781142568137
6045781142285674
6045781142788057
6045781142305621
6045781142440600
6045781142413516
6045781142664563
6045781142880524
6045781142302255
6045781142415024
6045781142537074
6045781142730562
6045781142457810
6045781142612760
6045781142468460
6045781142445138
6045781142182285
6045781142178564
6045781142470276
6045781142170546
6045781142632362
6045781142745370
6045781142700110
6045781142474054
6045781142688216
6045781142352276
6045781142160422
6045781142362606
6045781142040483
6045781142357085
6045781142173250
6045781142826436
6045781142327773
6045781142774180
6045781142150001
6045781142814580
6045781142141083
6045781142313310
6045781142201713
6045781142127868
6045781142541274
6045781142257384
6045781142686467
6045781142168458
6045781142440550
6045781142470862
6045781142088730
6045781142405132
6045781142372373
6045781142136836
6045781142528222
6045781142714657
6045781142605046
6045781142608446
6045781142302156
6045781142152064
6045781142224442
6045781142378875
6045781142780377
6045781142118156
6045781142018687
6045781142035566
6045781142356210
6045781142571453
6045781142185155
6045781142035111
6045781142153401
6045781142213502
6045781142766061
6045781142134567
6045781142780468
6045781142345122
6045781142743821
6045781142280782
6045781142438620
6045781142458438
6045781142414035
6045781142613164
6045781142161131
6045781142110278
6045781142238277
6045781142118602
6045781142435048
6045781142501047
6045781142506822
6045781142656650
6045781142035426
6045781142684272
6045781142544278
6045781142723138
6045781142113363
6045781142872000
6045781142262541
6045781142440048
6045781142081065
6045781142033504
6045781142084366
6045781142417137
6045781142424117
6045781142026326
6045781142201853
6045781142008340
6045781142671071
6045781142444271
6045781142600732
6045781142873412
6045781142771541
6045781142004562
6045781142632248
6045781142183481
6045781142277655
6045781142447456
6045781142700060
6045781142437580
6045781142075471
6045781142751626
6045781142312577
6045781142806453
6045781142831444
6045781142637536
6045781142222321
6045781142682417
6045781142022564
6045781142255032
6045781142346682
6045781142117406
6045781142655603
6045781142112258
6045781142272383
6045781142363885
6045781142217677
6045781142812733
6045781142281038
6045781142362044
6045781142732402
6045781142875086
6045781142864221
6045781142042141
6045781142456242
6045781142568160
6045781142225225
6045781142420248
6045781142628873
6045781142101103
6045781142388684
6045781142250728
6045781142035202
6045781142432268
6045781142830107
6045781142716207
6045781142215705
6045781142872885
6045781142644375
6045781142527810
6045781142015550
6045781142654416
6045781142265460
6045781142463800
6045781142813384
6045781142318350
6045781142773125
6045781142400463
6045781142433811
6045781142425015
6045781142444164
6045781142238822
6045781142785624
6045781142503514
6045781142748572
6045781142575785
6045781142608057
6045781142341758
6045781142444503
6045781142872307
6045781142023612
6045781142081370
6045781142501716
6045781142657708
6045781142821684
6045781142744464
6045781142440816
6045781142563633
6045781142215184
6045781142188258
6045781142657732
6045781142682714
6045781142345478
6045781142706273
6045781142853745
6045781142718161
6045781142207140
6045781142704245
6045781142182616
6045781142227155
6045781142436806
6045781142656262
6045781142455434
6045781142513505
6045781142253540
6045781142678506
6045781142671568
6045781142400562
6045781142078335
6045781142440840
6045781142513414
6045781142783363
6045781142523033
6045781142542686
6045781142018570
6045781142183424
6045781142614154
6045781142385870
6045781142506582
6045781142353225
6045781142630366
6045781142134740
6045781142613511
6045781142143428
6045781142848067
6045781142521615
6045781142147460
6045781142015014
6045781142887081
6045781142860013
6045781142743607
6045781142643278
6045781142558880
6045781142565836
6045781142566842
6045781142736031
6045781142385805
6045781142045227
6045781142188456
6045781142468684
6045781142154045
6045781142808723
6045781142765352
6045781142264455
6045781142310506
6045781142671618
6045781142586253
6045781142775666
6045781142051258
6045781142416220
6045781142235463
6045781142828465
6045781142848430
6045781142202364
6045781142304442
6045781142125284
6045781142047652
6045781142368413
6045781142514107
6045781142467827
6045781142587426
6045781142243541
6045781142261378
6045781142647154
6045781142030641
6045781142148203
6045781142032373
6045781142714475
6045781142306025
6045781142834836
6045781142311124
6045781142622330
6045781142880201
6045781142414845
6045781142135531
6045781142531572
604

5781142255512
6045781142838665
6045781142714446
6045781142381121
6045781142308122
6045781142464558
6045781142411104
6045781142674281
6045781142068721
6045781142857811
6045781142268450
6045781142231027
6045781142067644
6045781142117073
6045781142770620
6045781142307875
6045781142238434
6045781142350162
6045781142871275
6045781142218407
6045781142447008
6045781142310327
6045781142236754
6045781142337771
6045781142714534
6045781142267014
6045781142564847
6045781142407253
6045781142071057
6045781142134882
6045781142344628
6045781142776824
6045781142202087
6045781142560855
6045781142287245
6045781142324657
6045781142110651
6045781142507833
6045781142582651
6045781142648285
6045781142868017
6045781142758715
6045781142838545
6045781142202582
6045781142102224
6045781142488625
6045781142757486
6045781142424305
6045781142307451
6045781142025871
6045781142532172
6045781142678483
6045781142806805
6045781142410843
6045781142154001
6045781142633748
6045781142710107
6045781142061410
6045781142524242
6045781142362420
6045781142137054
6045781142070061
6045781142417037
6045781142030687
6045781142848034
6045781142673065
6045781142074807
6045781142547462
6045781142888600
6045781142031684
6045781142100134
6045781142111084
6045781142648613
6045781142445764
6045781142307747
6045781142017451
6045781142174148
6045781142321235
6045781142532723
6045781142231703
6045781142874008
6045781142016436
6045781142015557
6045781142646453
6045781142247243
6045781142660456
6045781142602330
6045781142356504
6045781142208852
6045781142556482
6045781142507640
6045781142513404
6045781142231578
6045781142667122
6045781142600802
6045781142323130
6045781142046470
6045781142757804
6045781142887050
6045781142632807
6045781142672025
6045781142881073
6045781142855470
6045781142078852
6045781142088460
6045781142562574
6045781142083367
6045781142337853
6045781142432811
6045781142382576
6045781142226652
6045781142467882
6045781142863782
6045781142347062
6045781142655073
6045781142377242
6045781142223032
6045781142716870
6045781142763284
6045781142854541
6045781142758743
6045781142448525
6045781142837461
6045781142083031
6045781142650030
6045781142534547
6045781142385347
6045781142830613
6045781142227307
6045781142342416
6045781142825682
6045781142117342
6045781142124851
6045781142124128
6045781142715307
6045781142014547
6045781142844852
6045781142274485
6045781142774827
6045781142777027
6045781142028574
6045781142783525
6045781142837473
6045781142770534
6045781142654104
6045781142287734
6045781142302420
6045781142442074
6045781142072220
6045781142274271
6045781142844167
6045781142887482
6045781142878274
6045781142674807
6045781142758604
6045781142065040
6045781142772282
6045781142882671
6045781142726240
6045781142880827
6045781142124402
6045781142877024
6045781142787825
6045781142748807
6045781142404784
6045781142210574
6045781142876735
6045781142326543
6045781142380242
6045781142772744
6045781142363854
6045781142257760
6045781142073614
6045781142832480
6045781142638880
6045781142866340
6045781142602755
6045781142670082
6045781142308785
6045781142568402
6045781142660334
6045781142520156
6045781142132236
6045781142737866
6045781142356547
6045781142866683
6045781142287251
6045781142251127
6045781142657460
6045781142102785
6045781142101485
6045781142257842
6045781142213606
6045781142307831
6045781142651164
6045781142275103
6045781142017383
6045781142227345
6045781142024801
6045781142860775
6045781142544461
6045781142316060
6045781142546113
6045781142052857
6045781142716220
6045781142752025
6045781142087523
6045781142668050
6045781142388706
6045781142241463
6045781142825583
6045781142877407
6045781142761841
6045781142826742
6045781142877382
6045781142750180
6045781142750733
6045781142248073
6045781142873146
6045781142134813
6045781142686671
6045781142634441
6045781142786603
6045781142534411
6045781142667563
6045781142854675
6045781142203564
6045781142705805
6045781142018745
6045781142266442
6045781142255185
6045781142137840
6045781142345612
6045781142340603
6045781142238712
6045781142345230
6045781142643502
6045781142232707
6045781142036342
6045781142664180
6045781142642283
6045781142351160
6045781142532010
6045781142257743
6045781142606040
6045781142264255
6045781142778044
6045781142780024
6045781142268006
6045781142215516
6045781142063061
6045781142384107
6045781142074602
6045781142381614
6045781142448284
6045781142761385
6045781142463450
6045781142423275
6045781142678344
6045781142874823
6045781142708565
6045781142658722
6045781142345687
6045781142153076
6045781142132584
6045781142133765
6045781142118450
6045781142831550
6045781142562852
6045781142554082
6045781142266431
6045781142356485
6045781142763423
6045781142671522
6045781142125063
6045781142726582
6045781142035603
6045781142358683
6045781142624815
6045781142366483
6045781142117732
6045781142236214
6045781142770084
6045781142016386
6045781142767702
6045781142535644
6045781142301561
6045781142713463
6045781142115087
6045781142834220
6045781142238770
6045781142640453
604578114276456

2
6045781142671102
6045781142846220
6045781142880253
6045781142848014
6045781142880306
6045781142548242
6045781142534415
6045781142671781
6045781142444603
6045781142641412
6045781142015813
6045781142885780
6045781142762565
6045781142543613
6045781142434801
6045781142173407
6045781142554071
6045781142871006
6045781142568872
6045781142242540
6045781142337111
6045781142444127
6045781142172057
6045781142223762
6045781142373305
6045781142625182
6045781142263812
6045781142010141
6045781142843703
6045781142782643
6045781142713342
6045781142103886
6045781142788446
6045781142302483
6045781142275570
6045781142874643
6045781142401454
6045781142135404
6045781142403715
6045781142623042
6045781142151221
6045781142833204
6045781142432727
6045781142235281
6045781142774826
6045781142534651
6045781142477823
6045781142672262
6045781142252640
6045781142730774
6045781142372774
6045781142018035
6045781142065424
6045781142882600
6045781142384737
6045781142284770
6045781142727340
6045781142426475
6045781142351070
6045781142824723
6045781142174812
6045781142235587
6045781142447034
6045781142601005
6045781142712813
6045781142351220
6045781142552017
6045781142500072
6045781142156451
6045781142078321
6045781142882074
6045781142770752
6045781142233821
6045781142648700
6045781142200882
6045781142437835
6045781142022874
6045781142558400
6045781142631807
6045781142674722
6045781142358413
6045781142030122
6045781142634800
6045781142668311
6045781142857001
6045781142837464
6045781142186801
6045781142476464
6045781142284685
6045781142013084
6045781142016340
6045781142780532
6045781142667153
6045781142858245
6045781142831764
6045781142876004
6045781142875006
6045781142247810
6045781142411740
6045781142886502
6045781142531683
6045781142237323
6045781142757020
6045781142453812
6045781142220732
6045781142341043
6045781142775424
6045781142706403
6045781142623742
6045781142880135
6045781142726542
6045781142788823
6045781142785184
6045781142821040
6045781142820435
6045781142832846
6045781142686582
6045781142270856
6045781142447846
6045781142462645
6045781142327475
6045781142870052
6045781142766240
6045781142768874
6045781142556602
6045781142263612
6045781142752633
6045781142408075
6045781142326241
6045781142115073
6045781142837442
6045781142564826
6045781142401655
6045781142777814
6045781142235071
6045781142232811
6045781142234381
6045781142071020
6045781142875642
6045781142468426
6045781142542064
6045781142781844
6045781142647542
6045781142718734
6045781142242876
6045781142364038
6045781142358310
6045781142422351
6045781142311474
6045781142660043
6045781142701854
6045781142404817
6045781142708754
6045781142133440
6045781142658242
6045781142203583
6045781142830457
6045781142878682
6045781142403120
6045781142610055
6045781142375426
6045781142775855
6045781142364273
6045781142202802
6045781142316124
6045781142373013
6045781142306885
6045781142844581
6045781142605742
6045781142685703
6045781142101462
6045781142548133
6045781142114826
6045781142553202
6045781142410851
6045781142853015
6045781142850562
6045781142778423
6045781142178506
6045781142143600
6045781142728235
6045781142220485
6045781142665480
6045781142882043
6045781142246163
6045781142535115
6045781142058473
6045781142117123
6045781142155571
6045781142846213
6045781142454231
6045781142766683
6045781142264583
6045781142736814
6045781142846464
6045781142136001
6045781142032457
6045781142446541
6045781142858472
6045781142837107
6045781142775575
6045781142267846
6045781142068511
6045781142648542
6045781142302014
6045781142857120
6045781142238702
6045781142632326
6045781142567713
6045781142641542
6045781142015433
6045781142305683
6045781142837186
6045781142322553
6045781142067523
6045781142227110
6045781142547833
6045781142447245
6045781142844784
6045781142562571
6045781142524874
6045781142605242
6045781142065402
6045781142537821
6045781142067416
6045781142868234
6045781142412554
6045781142715664
6045781142664752
6045781142223627
6045781142615243
6045781142688573
6045781142500833
6045781142712572
6045781142012563
6045781142434052
6045781142641352
6045781142130673
6045781142442523
6045781142443064
6045781142316217
6045781142845184
6045781142175716
6045781142257755
6045781142473270
6045781142460047
6045781142642780
6045781142277814
6045781142775201
6045781142114037
6045781142186580
6045781142556320
6045781142710014
6045781142302662
6045781142477850
6045781142785370
6045781142110442
6045781142615774
6045781142876611
6045781142784227
6045781142758747
6045781142027580
6045781142226583
6045781142440845
6045781142540864
6045781142643704
6045781142717443
6045781142503663
6045781142738607
6045781142875660
6045781142216552
6045781142376463
6045781142235407
6045781142762004
6045781142780822
6045781142618782
6045781142637834
6045781142843275
6045781142836456
6045781142728475
6045781142385071
6045781142730082
6045781142111284
6045781142038552
6045781142748244
6045781142334274
6045781142415110
6045781142824743
6045781142545404
6045781142883084
6045781142820872
6045781142868720
604578

1142708214
6045781142328173
6045781142675471
6045781142714704
6045781142537154
6045781142837000
6045781142536120
6045781142401243
6045781142338405
6045781142541815
6045781142224081
6045781142604764
6045781142668122
6045781142376617
6045781142304250
6045781142787540
6045781142847524
6045781142772025
6045781142502402
6045781142118855
6045781142776180
6045781142565470
6045781142287267
6045781142225517
6045781142550283
6045781142862704
6045781142702750
6045781142868280
6045781142870414
6045781142756884
6045781142257810
6045781142252840
6045781142778270
6045781142380270
6045781142832874
6045781142208860
6045781142626442
6045781142768402
6045781142761817
6045781142752084
6045781142205017
6045781142877603
6045781142663643
6045781142037864
6045781142715867
6045781142552860
6045781142856243
6045781142753471
6045781142562803
6045781142730070
6045781142480635
6045781142010855
6045781142872851
6045781142847885
6045781142562224
6045781142782573
6045781142783042
6045781142258057
6045781142305403
6045781142606463
6045781142208801
6045781142846425
6045781142884230
6045781142862874
6045781142873833
6045781142618454
6045781142487024
6045781142015583
6045781142657272
6045781142214875
6045781142212013
6045781142224347
6045781142878274
6045781142388573
6045781142873471
6045781142500620
6045781142870675
6045781142213124
6045781142135641
6045781142758604
6045781142442847
6045781142845883
6045781142678002
6045781142325542
6045781142380073
6045781142885655
6045781142530027
6045781142887623
6045781142415070
6045781142318342
6045781142665862
6045781142884820
6045781142038012
6045781142782123
6045781142642850
6045781142782225
6045781142776861
6045781142614647
6045781142600142
6045781142735221
6045781142837223
6045781142151005
6045781142854520
6045781142701340
6045781142366120
6045781142017510
6045781142233754
6045781142866451
6045781142853084
6045781142212473
6045781142131604
6045781142503074
6045781142321014
6045781142556223
6045781142126282
6045781142786435
6045781142258183
6045781142644012
6045781142047243
6045781142742842
6045781142852874
6045781142753347
6045781142032212
6045781142775382
6045781142224763
6045781142861452
6045781142432630
6045781142682262
6045781142281600
6045781142866674
6045781142647620
6045781142303623
6045781142728834
6045781142667715
6045781142711142
6045781142016575
6045781142433045
6045781142710212
6045781142782085
6045781142037872
6045781142446180
6045781142502345
6045781142376547
6045781142642820
6045781142564863
6045781142416445
6045781142460057
6045781142720770
6045781142786464
6045781142761807
6045781142234722
6045781142243470
6045781142643302
6045781142887034
6045781142104734
6045781142254745
6045781142756803
6045781142645414
6045781142882005
6045781142042305
6045781142447825
6045781142867260
6045781142286340
6045781142270283
6045781142542385
6045781142356101
6045781142202572
6045781142787034
6045781142484070
6045781142788810
6045781142381145
6045781142325411
6045781142562042
6045781142352051
6045781142114280
6045781142204185
6045781142838451
6045781142886442
6045781142756431
6045781142657043
6045781142460212
6045781142014202
6045781142878722
6045781142440143
6045781142854571
6045781142764452
6045781142464021
6045781142204727
6045781142720444
6045781142888000
6045781142758651
6045781142838612
6045781142645710
6045781142414740
6045781142631422
6045781142766830
6045781142774445
6045781142864561
6045781142047221
6045781142670872
6045781142637380
6045781142025881
6045781142014855
6045781142124402
6045781142844884
6045781142202255
6045781142353454
6045781142113272
6045781142116140
6045781142722212
6045781142033713
6045781142701105
6045781142676203
6045781142321450
6045781142077574
6045781142026744
6045781142884041
6045781142277480
6045781142330140
6045781142350810
6045781142768253
6045781142271822
6045781142646713
6045781142387862
6045781142274870
6045781142555604
6045781142855050
6045781142655540
6045781142060752
6045781142678122
6045781142106430
6045781142668241
6045781142460240
6045781142433853
6045781142831403
6045781142686812
6045781142676041
6045781142251070
6045781142533010
6045781142780802
6045781142103001
6045781142873420
6045781142550033
6045781142858062
6045781142848855
6045781142386450
6045781142861481
6045781142043704
6045781142225875
6045781142423725
6045781142016854
6045781142228385
6045781142118683
6045781142117072
6045781142836070
6045781142350833
6045781142500853
6045781142776782
6045781142787740
6045781142676634
6045781142776825
6045781142783840
6045781142777450
6045781142712704
6045781142852017
6045781142213470
6045781142067020
6045781142032184
6045781142780640
6045781142112274
6045781142832544
6045781142448512
6045781142855641
6045781142765800
6045781142103641
6045781142214410
6045781142736544
6045781142068120
6045781142718023
6045781142643842
6045781142771653
6045781142014571
6045781142068400
6045781142782321
6045781142334487
6045781142764730
6045781142018450
6045781142763851
6045781142283652
6045781142111231
6045781142676005
6045781142531402
6045781142883704
